
Last station configuration
2020-01-29 23:17:48.0000 16.787 -100.14 5.1 47557 9 1580339868
2020-01-30 06:47:22.0000 16.831  -100.1 5.3 47640 7 1580366842
2020-01-11 14:22:02.0000  16.25 -98.318 5.1 44645 6 1578752522
2020-03-30 05:08:21.0000  16.46 -98.881 5.1 52503 5 1585544901
2020-06-23 15:29:03.0000 15.784  -96.12 7.4 56217 5 1592926143
2020-01-24 10:47:49.0000 16.002 -97.178 5.2 46396 4 1579862869
2020-07-02 16:17:56.0000  16.21  -98.02 5.2 56866 4 1593706676
2020-01-05 04:40:49.0000 16.253 -94.617 6.0 44236 3
2020-01-15 10:45:40.0000 16.829 -100.07 4.5 44948 3
2020-01-30 07:01:56.0000 16.835 -100.09 4.4 47645 3
2020-01-30 07:09:02.0000 16.832  -100.1 4.8 47648 5
2020-01-30 09:00:18.0000 16.877 -100.09 4.5 47684 3
2020-01-30 18:01:59.0000  16.82 -100.19 4.1 47762 3
2020-01-31 01:09:02.0000 17.029 -100.04 4.5 47811 3
2020-01-31 03:38:16.0000 16.897 -100.11 4.2 47832 3
2020-02-21 01:48:15.0000 17.225 -100.46 5.0 50644 3
2020-03-21 18:50:09.0000 16.547 -99.345 4.3 52113 3
2020-06-23 01:17:13.0000  15.61  -96.05 5.2 56191 3
2020-07-03 02:33:45.0000   17.1 -100.16 4.6 56884 3
2020-07-08 17:22:50.0000 16.843 -100.22 4.8 57117 3
2020-07-12 03:33:19.0000 17.611 -101.35 4.6 57251 3

Delete stations 13 and 16
2018-08-12 14:42:09.0000 17.112 -100.84 5.2 18528 6
2018-09-25 02:22:19.0000  16.47 -99.078 5.2 20474 6
2018-08-22 18:03:08.0000 16.534 -98.745 5.3 19012 5
2019-03-09 14:00:49.0000  17.26 -100.67 5.1 29503 4
2018-04-11 07:30:38.0000 15.538 -95.041 5.5 11706 3
2018-05-14 21:31:19.0000 17.393 -101.73 4.2 13505 3
2018-05-17 22:01:16.0000 16.251  -98.09 4.6 13659 3
2018-06-16 22:20:00.0000 17.069 -99.579 4.7 15550 3
2018-06-29 09:16:39.0000   15.4 -94.647 5.1 16357 3
2018-11-23 08:07:14.0000 16.819  -100.1 4.3 23216 3
2018-11-23 08:29:42.0000 16.804 -100.14 4.1 23217 3
2018-12-30 10:08:24.0000 16.829 -100.17 4.5 25358 3
2019-01-31 05:26:25.0000  16.99 -100.01 4.3 27286 3
2019-04-22 20:15:23.0000 15.958 -98.673 5.5 31878 3
2019-06-04 19:12:09.0000 17.058 -99.942 4.9 33893 3
2019-07-03 06:09:32.0000 16.694 -99.869 4.7 35314 3
2019-10-05 16:20:10.0000 16.674 -99.652 5.1 39634 3
2019-10-23 13:50:20.0000  17.22 -101.33 4.6 40609 3
2019-11-27 00:13:55.0000 17.515 -101.91 4.8 42315 3

Delete stations 2, 5, 7, 10, 13, and 16
2017-12-15 23:13:43.0000 17.382 -101.35 4.6 3729 5
2018-01-29 17:41:56.0000 17.414 -101.63 4.6 7006 5
2018-02-16 23:39:39.0000 16.218 -98.013 7.2 8146 5
2017-12-16 04:07:30.0000 17.592 -101.41 4.1 3736 4
2017-12-25 20:23:11.0000 16.986 -99.845 5.0 4586 4
2018-01-08 17:01:03.0000 16.578  -99.26 4.7 5614 4
2017-12-19 04:18:08.0000 17.806 -101.48 4.2 4002 3
2017-12-20 11:38:30.0000 17.753  -101.5 4.3 4103 3
2017-12-25 02:46:56.0000 16.811 -100.12 4.1 4521 3
2017-12-31 16:53:51.0000 16.984  -100.9 4.6 5084 3
2018-03-01 15:41:55.0000 16.213 -98.921 4.7 9100 3
2018-03-20 18:07:17.0000 16.048 -98.683 4.6 10261 3